x,y,z,roll,pitch,yaw
-0.03,-0.042,0.985,-1.879,1.73,-125.37
-0.03,-0.042,0.985,-1.879,1.73,-125.37
-0.03,-0.042,0.985,-1.879,1.73,-125.37
-0.03,-0.042,0.985,-1.868,1.719,-125.37
-0.03,-0.042,0.985,-1.868,1.719,-125.37
-0.03,-0.042,0.985,-1.868,1.719,-125.37
-0.03,-0.042,0.985,-1.868,1.719,-125.37
-0.03,-0.042,0.985,-1.868,1.719,-125.37
-0.03,-0.042,0.985,-1.868,1.719,-125.37
-0.03,-0.042,0.985,-1.868,1.719,-125.37
-0.03,-0.042,0.985,-1.868,1.719,-125.37
-0.03,-0.042,0.985,-1.868,1.719,-125.37
-0.03,-0.042,0.985,-1.868,1.719,-125.37
-0.03,-0.042,0.985,-1.868,1.719,-125.37
-0.03,-0.042,0.985,-1.868,1.719,-125.37
-0.03,-0.042,0.985,-1.868,1.719,-125.37
-0.03,-0.042,0.985,-1.868,1.719,-125.37
-0.03,-0.042,0.985,-1.868,1.719,-125.37
-0.03,-0.042,0.985,-1.868,1.719,-125.37
-0.03,-0.042,0.985,-1.868,1.719,-125.37
-0.03,-0.042,0.985,-1.868,1.719,-125.37
-0.032,-0.026,1.001,-1.868,1.719,-125.37
-0.032,-0.026,1.001,-1.868,1.719,-125.37
-0.032,-0.026,1.001,-1.868,1.719,-125.37
-0.032,-0.026,1.001,-1.868,1.719,-125.37
-0.032,-0.026,1.001,-1.868,1.719,-125.37
-0.032,-0.026,1.001,-1.879,1.725,-125.37
-0.032,-0.026,1.001,-1.879,1.725,-125.37
-0.032,-0.026,1.001,-1.879,1.725,-125.37
-0.032,-0.026,1.001,-1.879,1.725,-125.37
-0.032,-0.026,1.001,-1.879,1.725,-125.37
-0.032,-0.026,1.001,-1.879,1.725,-125.37
-0.032,-0.026,1.001,-1.879,1.725,-125.37
-0.032,-0.026,1.001,-1.879,1.725,-125.37
-0.032,-0.026,1.001,-1.879,1.725,-125.37
-0.032,-0.026,1.001,-1.879,1.725,-125.37
-0.032,-0.026,1.001,-1.879,1.725,-125.37
-0.032,-0.026,1.001,-1.879,1.725,-125.37
-0.032,-0.026,1.001,-1.879,1.725,-125.37
-0.032,-0.026,1.001,-1.879,1.725,-125.37
-0.032,-0.026,1.001,-1.879,1.725,-125.37
-0.032,-0.026,1.001,-1.879,1.725,-125.37
-0.032,-0.026,1.001,-1.879,1.725,-125.37
-0.032,-0.026,1.001,-1.879,1.725,-125.37
-0.032,-0.026,1.001,-1.879,1.725,-125.37
-0.032,-0.026,1.001,-1.879,1.725,-125.37
-0.026,-0.033,1.006,-1.879,1.725,-125.37
-0.026,-0.033,1.006,-1.879,1.725,-125.37
-0.026,-0.033,1.006,-1.879,1.725,-125.37
-0.026,-0.033,1.006,-1.879,1.725,-125.37
-0.026,-0.033,1.006,-1.868,1.725,-125.37
-0.026,-0.033,1.006,-1.868,1.725,-125.37
-0.026,-0.033,1.006,-1.868,1.725,-125.37
-0.026,-0.033,1.006,-1.868,1.725,-125.37
-0.026,-0.033,1.006,-1.868,1.725,-125.37
-0.026,-0.033,1.006,-1.868,1.725,-125.37
-0.026,-0.033,1.006,-1.868,1.725,-125.37
-0.026,-0.033,1.006,-1.868,1.725,-125.37
-0.026,-0.033,1.006,-1.868,1.725,-125.37
-0.026,-0.033,1.006,-1.868,1.725,-125.37
-0.026,-0.033,1.006,-1.868,1.725,-125.37
-0.026,-0.033,1.006,-1.868,1.725,-125.37
-0.026,-0.033,1.006,-1.868,1.725,-125.37
-0.026,-0.033,1.006,-1.868,1.725,-125.37
-0.026,-0.033,1.006,-1.868,1.725,-125.37
-0.026,-0.033,1.006,-1.868,1.725,-125.37
-0.026,-0.033,1.006,-1.868,1.725,-125.37
-0.026,-0.033,1.006,-1.868,1.725,-125.37
-0.026,-0.033,1.006,-1.868,1.725,-125.37
-0.026,-0.033,1.006,-1.868,1.725,-125.37
-0.036,-0.036,0.994,-1.868,1.725,-125.37
-0.036,-0.036,0.994,-1.868,1.725,-125.37
-0.036,-0.036,0.994,-1.868,1.725,-125.37
-0.036,-0.036,0.994,-1.868,1.725,-125.37
-0.036,-0.036,0.994,-1.868,1.725,-125.37
-0.036,-0.036,0.994,-1.884,1.736,-125.37
-0.036,-0.036,0.994,-1.884,1.736,-125.37
-0.036,-0.036,0.994,-1.884,1.736,-125.37
-0.036,-0.036,0.994,-1.884,1.736,-125.37
-0.036,-0.036,0.994,-1.884,1.736,-125.37
-0.036,-0.036,0.994,-1.884,1.736,-125.37
-0.036,-0.036,0.994,-1.884,1.736,-125.37
-0.036,-0.036,0.994,-1.884,1.736,-125.37
-0.036,-0.036,0.994,-1.884,1.736,-125.37
-0.036,-0.036,0.994,-1.884,1.736,-125.37
-0.036,-0.036,0.994,-1.884,1.736,-125.37
-0.036,-0.036,0.994,-1.884,1.736,-125.37
-0.036,-0.036,0.994,-1.884,1.736,-125.37
-0.036,-0.036,0.994,-1.884,1.736,-125.37
-0.036,-0.036,0.994,-1.884,1.736,-125.37
-0.036,-0.036,0.994,-1.884,1.736,-125.37
-0.036,-0.036,0.994,-1.884,1.736,-125.37
-0.036,-0.036,0.994,-1.884,1.736,70
-0.036,-0.036,0.994,-1.884,1.736,-125.37
-0.036,-0.036,0.994,-1.884,1.736,-125.37
-0.027,-0.023,1.015,-1.884,1.736,-125.37
-0.027,-0.023,1.015,-1.884,1.736,-125.37
-0.027,-0.023,1.015,-1.884,1.736,-125.37
-0.027,-0.023,1.015,-1.884,1.736,-125.37
-0.027,-0.023,1.015,-1.884,1.736,-125.37
-0.027,-0.023,1.015,-1.884,1.736,-125.37
-0.027,-0.023,1.015,-1.873,1.736,-125.37
-0.027,-0.023,1.015,-1.873,1.736,-125.37
-0.027,-0.023,1.015,-1.873,1.736,-125.37
-0.027,-0.023,1.015,-1.873,1.736,-125.37
-0.027,-0.023,1.015,-1.873,1.736,-125.37
-0.027,-0.023,1.015,-1.873,1.736,-125.37
-0.027,-0.023,1.015,-1.873,1.736,-125.37
-0.027,-0.023,1.015,-1.873,1.736,-125.37
-0.027,-0.023,1.015,-1.873,1.736,-125.37
-0.027,-0.023,1.015,-1.873,1.736,-125.37
-0.027,-0.023,1.015,-1.873,1.736,-125.37
-0.027,-0.023,1.015,-1.873,1.736,-125.37
-0.027,-0.023,1.015,-1.873,1.736,-125.37
-0.027,-0.023,1.015,-1.873,1.736,-125.37
-0.027,-0.023,1.015,-1.873,1.736,-125.37
-0.027,-0.023,1.015,-1.873,1.736,-125.37
-0.027,-0.023,1.015,-1.873,1.736,-125.37
-0.027,-0.023,1.015,-1.873,1.736,-125.37
-0.036,-0.043,0.981,-1.873,1.736,-125.37
-0.036,-0.043,0.981,-1.873,1.736,-125.37
-0.036,-0.043,0.981,-1.873,1.736,-125.37
-0.036,-0.043,0.981,-1.873,1.736,-125.37
-0.036,-0.043,0.981,-1.873,1.736,-125.37
-0.036,-0.043,0.981,-1.879,1.741,-125.37
-0.036,-0.043,0.981,-1.879,1.741,-125.37
-0.036,-0.043,0.981,-1.879,1.741,-125.37
-0.036,-0.043,0.981,-1.879,1.741,-125.37
-0.036,-0.043,0.981,-1.879,1.741,-125.37
-0.036,-0.043,0.981,-1.879,1.741,-125.37
-0.036,-0.043,0.981,-1.879,1.741,-125.37
-0.036,-0.043,0.981,-1.879,1.741,-125.37
-0.036,-0.043,0.981,-1.879,1.741,-125.37
-0.036,-0.043,0.981,-1.879,1.741,-125.37
-0.036,-0.043,0.981,-1.879,1.741,-125.37
-0.036,-0.043,0.981,-1.879,1.741,-125.37
-0.036,-0.043,0.981,-1.879,1.741,-125.37
-0.036,-0.043,0.981,-1.879,1.741,-125.37
-0.036,-0.043,0.981,-1.879,1.741,-125.37
-0.036,-0.043,0.981,-1.879,1.741,-125.37
-0.036,-0.043,0.981,-1.879,1.741,-125.37
-0.036,-0.043,0.981,-1.879,1.741,-125.37
-0.036,-0.043,0.981,-1.879,1.741,-125.37
-0.027,-0.02,1.012,-1.879,1.741,-125.37
-0.027,-0.02,1.012,-1.879,1.741,-125.37
-0.027,-0.02,1.012,-1.879,1.741,-125.37
-0.027,-0.02,1.012,-1.879,1.741,-125.37
-0.027,-0.02,1.012,-1.879,1.741,-125.37
-0.027,-0.02,1.012,-1.879,1.741,-125.37
-0.027,-0.02,1.012,-1.879,1.741,-125.37
-0.027,-0.02,1.012,-1.879,1.741,-125.37
-0.027,-0.02,1.012,-1.879,1.741,-125.37
-0.027,-0.02,1.012,-1.879,1.741,-125.37
-0.027,-0.02,1.012,-1.879,1.741,-125.37
-0.027,-0.02,1.012,-1.879,1.741,-125.37
-0.027,-0.02,1.012,-1.879,1.741,-125.37
-0.027,-0.02,1.012,-1.879,1.741,-125.37
-0.027,-0.02,1.012,-1.879,1.741,-125.37
-0.027,-0.02,1.012,-1.879,1.741,-125.37
-0.027,-0.02,1.012,-1.879,1.741,-125.37
-0.027,-0.02,1.012,-1.879,1.741,-125.37
-0.027,-0.02,1.012,-1.879,1.741,-125.37
-0.027,-0.02,1.012,-1.879,1.741,-125.37
-0.027,-0.02,1.012,-1.879,1.741,-125.37
-0.027,-0.02,1.012,-1.879,1.741,-125.37
-0.027,-0.02,1.012,-1.879,1.741,-125.37
-0.027,-0.02,1.012,-1.879,1.741,-125.37
-0.027,-0.02,1.012,-1.879,1.741,-125.37
-0.031,-0.044,0.99,-1.879,1.741,-125.37
-0.031,-0.044,0.99,-1.879,1.741,-125.37
-0.031,-0.044,0.99,-1.879,1.741,-125.37
-0.031,-0.044,0.99,-1.879,1.741,-125.37
-0.031,-0.044,0.99,-1.879,1.741,-125.37
-0.031,-0.044,0.99,-1.879,1.741,-125.37
-0.031,-0.044,0.99,-1.879,1.747,-125.37
-0.031,-0.044,0.99,-1.879,1.747,-125.37
-0.031,-0.044,0.99,-1.879,1.747,-125.37
-0.031,-0.044,0.99,-1.879,1.747,-125.37
-0.031,-0.044,0.99,-1.879,1.747,-125.37
-0.031,-0.044,0.99,-1.879,1.747,-125.37
-0.031,-0.044,0.99,-1.879,1.747,-125.37
-0.031,-0.044,0.99,-1.879,1.747,-125.37
-0.031,-0.044,0.99,-1.879,1.747,-125.37
-0.031,-0.044,0.99,-1.879,1.747,-125.37
-0.031,-0.044,0.99,-1.879,1.747,-125.37
-0.031,-0.044,0.99,-1.879,1.747,-125.37
-0.031,-0.044,0.99,-1.879,1.747,-125.37
-0.031,-0.044,0.99,-1.879,1.747,-125.37
-0.031,-0.044,0.99,-1.879,1.747,-125.37
-0.031,-0.044,0.99,-1.879,1.747,-125.37
-0.031,-0.044,0.99,-1.879,1.747,-125.37
-0.031,-0.044,0.99,-1.879,1.747,-125.37
-0.031,-0.044,0.99,-1.879,1.747,-125.37
-0.031,-0.023,1.015,-1.879,1.747,-125.37
-0.031,-0.023,1.015,-1.879,1.747,-125.37
-0.031,-0.023,1.015,-1.879,1.747,-125.37
-0.031,-0.023,1.015,-1.879,1.747,-125.37
-0.031,-0.023,1.015,-1.879,1.747,-125.37
-0.031,-0.023,1.015,-1.879,1.741,-125.37
-0.031,-0.023,1.015,-1.879,1.741,-125.37
-0.031,-0.023,1.015,-1.879,1.741,-125.37
-0.031,-0.023,1.015,-1.879,1.741,-125.37
-0.031,-0.023,1.015,-1.879,1.741,-125.37
-0.031,-0.023,1.015,-1.879,1.741,-125.37
-0.031,-0.023,1.015,-1.879,1.741,-125.37
-0.031,-0.023,1.015,-1.879,1.741,-125.37
-0.031,-0.023,1.015,-1.879,1.741,-125.37
-0.031,-0.023,1.015,-1.879,1.741,-125.37
-0.031,-0.023,1.015,-1.879,1.741,-125.37
-0.031,-0.023,1.015,-1.879,1.741,-125.37
-0.031,-0.023,1.015,-1.879,1.741,-125.37
-0.031,-0.023,1.015,-1.879,1.741,-125.37
-0.031,-0.023,1.015,-1.879,1.741,-125.37
-0.031,-0.023,1.015,-1.879,1.741,-125.37
-0.031,-0.023,1.015,-1.879,1.741,-125.37
-0.031,-0.023,1.015,-1.879,1.741,-125.37
-0.028,-0.038,1,-1.879,1.741,-125.37
-0.028,-0.038,1,-1.879,1.741,-125.37
-0.028,-0.038,1,-1.879,1.741,-125.37
-0.028,-0.038,1,-1.879,1.741,-125.37
-0.028,-0.038,1,-1.879,1.741,-125.37
-0.028,-0.038,1,-1.879,1.741,-125.37
-0.028,-0.038,1,-1.879,1.741,-125.37
-0.028,-0.038,1,-1.879,1.741,-125.37
-0.028,-0.038,1,-1.879,1.741,-125.37
-0.028,-0.038,1,-1.879,1.741,-125.37
-0.028,-0.038,1,-1.879,1.741,-125.37
-0.028,-0.038,1,-1.879,1.741,-125.37
-0.028,-0.038,1,-1.879,1.741,-125.37
-0.028,-0.038,1,-1.879,1.741,-125.37
-0.028,-0.038,1,-1.879,1.741,-125.37
-0.028,-0.038,1,-1.879,1.741,-125.37
-0.028,-0.038,1,-1.879,1.741,-125.37
-0.028,-0.038,1,-1.879,1.741,-125.37
-0.028,-0.038,1,-1.879,1.741,-125.37
-0.028,-0.038,1,-1.879,1.741,-125.37
-0.028,-0.038,1,-1.879,1.741,-125.37
-0.028,-0.038,1,-1.879,1.741,-125.37
-0.028,-0.038,1,-1.879,1.741,-125.37
-0.028,-0.038,1,-1.879,1.741,-125.37
-0.028,-0.038,1,-1.879,1.741,-125.37
-0.037,-0.031,0.993,-1.879,1.741,-125.37
-0.037,-0.031,0.993,-1.879,1.741,-125.37
-0.037,-0.031,0.993,-1.879,1.741,-125.37
-0.037,-0.031,0.993,-1.879,1.741,-125.37
-0.037,-0.031,0.993,-1.879,1.741,-125.37
-0.037,-0.031,0.993,-1.879,1.741,-125.37
-0.037,-0.031,0.993,-1.879,1.741,-125.37
-0.037,-0.031,0.993,-1.879,1.741,-125.37
-0.037,-0.031,0.993,-1.879,1.741,-125.37
-0.037,-0.031,0.993,-1.879,1.741,-125.37
-0.037,-0.031,0.993,-1.879,1.741,-125.37
-0.037,-0.031,0.993,-1.879,1.741,-125.37
-0.037,-0.031,0.993,-1.879,1.741,-125.37
-0.037,-0.031,0.993,-1.879,1.741,-125.37
-0.037,-0.031,0.993,-1.879,1.741,-125.37
-0.037,-0.031,0.993,-1.879,1.741,-125.37
-0.037,-0.031,0.993,-1.879,1.741,-125.37
-0.037,-0.031,0.993,-1.879,1.741,-125.37
-0.037,-0.031,0.993,-1.879,1.741,-125.37
-0.037,-0.031,0.993,-1.879,1.741,-125.37
-0.037,-0.031,0.993,-1.879,1.741,-125.37
-0.037,-0.031,0.993,-1.879,1.741,-125.37
-0.037,-0.031,0.993,-1.879,1.741,-125.37
-0.037,-0.031,0.993,-1.879,1.741,-125.37
-0.024,-0.028,1.008,-1.879,1.741,-125.37
-0.024,-0.028,1.008,-1.879,1.741,-125.37
-0.024,-0.028,1.008,-1.879,1.741,-125.37
-0.024,-0.028,1.008,-1.879,1.741,-125.37
-0.024,-0.028,1.008,-1.879,1.741,-125.37
-0.024,-0.028,1.008,-1.879,1.741,-125.37
-0.053,-0.047,0.969,-1.884,1.686,-125.36
-0.053,-0.047,0.969,-1.895,1.681,-125.36
-0.053,-0.047,0.969,-1.895,1.681,-125.36
-0.053,-0.047,0.969,-1.895,1.681,-125.36
-0.053,-0.047,0.969,-1.895,1.681,-125.36
-0.053,-0.047,0.969,-1.895,1.681,-125.36
-0.053,-0.047,0.969,-1.895,1.681,-125.36
-0.053,-0.047,0.969,-1.895,1.681,-125.36
-0.053,-0.047,0.969,-1.895,1.681,-125.36
-0.053,-0.047,0.969,-1.895,1.681,-125.36
-0.053,-0.047,0.969,-1.895,1.681,-125.36
-0.053,-0.047,0.969,-1.895,1.681,-125.36
-0.053,-0.047,0.969,-1.895,1.681,-125.36
-0.053,-0.047,0.969,-1.895,1.681,-125.36
-0.053,-0.047,0.969,-1.895,1.681,-125.36
-0.053,-0.047,0.969,-1.895,1.681,-125.36
-0.053,-0.047,0.969,-1.895,1.681,-125.36
-0.053,-0.047,0.969,-1.895,1.681,-125.36
-0.053,-0.047,0.969,-1.895,1.681,-125.36
-0.053,-0.047,0.969,-1.895,1.681,-125.36
-0.034,-0.038,0.995,-1.895,1.681,-125.36
-0.034,-0.038,0.995,-1.895,1.681,-125.36
-0.034,-0.038,0.995,-1.895,1.681,-125.36
-0.034,-0.038,0.995,-1.895,1.681,-125.36
-0.034,-0.038,0.995,-1.895,1.681,-125.36
-0.034,-0.038,0.995,-1.895,1.681,-125.36
-0.034,-0.038,0.995,-1.901,1.686,-125.36
-0.034,-0.038,0.995,-1.901,1.686,-125.36
-0.034,-0.038,0.995,-1.901,1.686,-125.36
-0.034,-0.038,0.995,-1.901,1.686,-125.36
-0.034,-0.038,0.995,-1.901,1.686,-125.36
-0.034,-0.038,0.995,-1.901,1.686,-125.36
-0.034,-0.038,0.995,-1.901,1.686,-125.36
-0.034,-0.038,0.995,-1.901,1.686,-125.36
-0.034,-0.038,0.995,-1.901,1.686,-125.36
-0.034,-0.038,0.995,-1.901,1.686,-125.36
-0.034,-0.038,0.995,-1.901,1.686,-125.36
-0.034,-0.038,0.995,-1.901,1.686,-125.36
-0.034,-0.038,0.995,-1.901,1.686,-125.36
-0.034,-0.038,0.995,-1.901,1.686,-125.36
-0.034,-0.038,0.995,-1.901,1.686,-125.36
-0.034,-0.038,0.995,-1.901,1.686,-125.36
-0.034,-0.038,0.995,-1.901,1.686,-125.36
-0.034,-0.038,0.995,-1.901,1.686,-125.36
-0.034,-0.038,0.995,-1.901,1.686,-125.36
-0.032,-0.028,1.01,-1.901,1.686,-125.36
-0.032,-0.028,1.01,-1.901,1.686,-125.36
-0.032,-0.028,1.01,-1.901,1.686,-125.36
-0.032,-0.028,1.01,-1.901,1.686,-125.36
-0.032,-0.028,1.01,-1.901,1.686,-125.36
-0.032,-0.028,1.01,-1.901,1.686,-125.36
-0.032,-0.028,1.01,-1.89,1.714,-125.36
-0.032,-0.028,1.01,-1.89,1.714,-125.36
-0.032,-0.028,1.01,-1.89,1.714,-125.36
-0.032,-0.028,1.01,-1.89,1.714,-125.36
-0.032,-0.028,1.01,-1.89,1.714,-125.36
-0.032,-0.028,1.01,-1.89,1.714,-125.36
-0.032,-0.028,1.01,-1.89,1.714,-125.36
-0.032,-0.028,1.01,-1.89,1.714,-125.36
-0.032,-0.028,1.01,-1.89,1.714,-125.36
-0.032,-0.028,1.01,-1.89,1.714,-125.36
-0.032,-0.028,1.01,-1.89,1.714,-125.36
-0.032,-0.028,1.01,-1.89,1.714,-125.36
-0.032,-0.028,1.01,-1.89,1.714,-125.36
-0.032,-0.028,1.01,-1.89,1.714,-125.36
-0.032,-0.028,1.01,-1.89,1.714,-125.36
-0.032,-0.028,1.01,-1.89,1.714,-125.36
-0.032,-0.028,1.01,-1.89,1.714,-125.36
-0.032,-0.028,1.01,-1.89,1.714,-125.36
-0.046,-0.03,0.986,-1.89,1.714,-125.36
-0.046,-0.03,0.986,-1.89,1.714,-125.36
-0.046,-0.03,0.986,-1.89,1.714,-125.36
-0.046,-0.03,0.986,-1.89,1.714,-125.36
-0.046,-0.03,0.986,-1.89,1.714,-125.36
-0.046,-0.03,0.986,-1.89,1.714,-125.36
-0.046,-0.03,0.986,-1.895,1.681,NaN
-0.046,-0.03,0.986,-1.895,1.681,-125.36
-0.046,-0.03,0.986,-1.895,1.681,-125.36
-0.046,-0.03,0.986,-1.895,1.681,-125.36
-0.046,-0.03,0.986,-1.895,1.681,-125.36
-0.046,-0.03,0.986,-1.895,1.681,-125.36
-0.046,-0.03,0.986,-1.895,1.681,-125.36
-0.046,-0.03,0.986,-1.895,1.681,-125.36
-0.046,-0.03,0.986,-1.895,1.681,-125.36
-0.046,-0.03,0.986,-1.895,1.681,-125.36
-0.046,-0.03,0.986,-1.895,1.681,-125.36
-0.046,-0.03,0.986,-1.895,1.681,-125.36
-0.046,-0.03,0.986,-1.895,1.681,-125.36
-0.046,-0.03,0.986,-1.895,1.681,-125.36
-0.046,-0.03,0.986,-1.895,1.681,-125.36
-0.046,-0.03,0.986,-1.895,1.681,-125.36
-0.046,-0.03,0.986,-1.895,1.681,-125.36
-0.046,-0.03,0.986,-1.895,1.681,-125.36
-0.046,-0.03,0.986,-1.895,1.681,-125.36
-0.046,-0.03,0.986,-1.895,1.681,-125.36
-0.023,-0.036,1.004,-1.895,1.681,-125.36
-0.023,-0.036,1.004,-1.895,1.681,-125.36
-0.023,-0.036,1.004,-1.895,1.681,-125.36
-0.023,-0.036,1.004,-1.895,1.681,-125.36
-0.023,-0.036,1.004,-1.895,1.681,-125.36
-0.023,-0.036,1.004,-1.89,1.692,-125.36
-0.023,-0.036,1.004,-1.89,1.692,-125.36
-0.023,-0.036,1.004,-1.89,1.692,-125.36
-0.023,-0.036,1.004,-1.89,1.692,-125.36
-0.023,-0.036,1.004,-1.89,1.692,-125.36
-0.023,-0.036,1.004,-1.89,1.692,-125.36
-0.023,-0.036,1.004,-1.89,1.692,-125.36
-0.023,-0.036,1.004,-1.89,1.692,-125.36
-0.023,-0.036,1.004,-1.89,1.692,-125.36
-0.023,-0.036,1.004,-1.89,1.692,-125.36
-0.023,-0.036,1.004,-1.89,1.692,-125.36
-0.023,-0.036,1.004,-1.89,1.692,-125.36
-0.023,-0.036,1.004,-1.89,1.692,-125.36
-0.023,-0.036,1.004,-1.89,1.692,-125.36
-0.023,-0.036,1.004,-1.89,1.692,-125.36
-0.023,-0.036,1.004,-1.89,1.692,-125.36
-0.023,-0.036,1.004,-1.89,1.692,-125.36
-0.023,-0.036,1.004,-1.89,1.692,-125.36
-0.023,-0.036,1.004,-1.89,1.692,-125.36
-0.023,-0.036,1.004,-1.89,1.692,-125.36
-0.018,-0.036,0.996,-1.89,1.692,-125.36
-0.018,-0.036,0.996,-1.89,1.692,-125.36
-0.018,-0.036,0.996,-1.89,1.692,-125.36
-0.018,-0.036,0.996,-1.89,1.692,-125.36
-0.018,-0.036,0.996,-1.89,1.708,-125.36
-0.018,-0.036,0.996,-1.89,1.708,-125.36
-0.018,-0.036,0.996,-1.89,1.708,-125.36
-0.018,-0.036,0.996,-1.89,1.708,-125.36
-0.018,-0.036,0.996,-1.89,1.708,-125.36
-0.018,-0.036,0.996,-1.89,1.708,-125.36
-0.018,-0.036,0.996,-1.89,1.708,-125.36
-0.018,-0.036,0.996,-1.89,1.708,-125.36
-0.018,-0.036,0.996,-1.89,1.708,-125.36
-0.018,-0.036,0.996,-1.89,1.708,-125.36
-0.018,-0.036,0.996,-1.89,1.708,-125.36
-0.018,-0.036,0.996,-1.89,1.708,-125.36
-0.018,-0.036,0.996,-1.89,1.708,-125.36
-0.018,-0.036,0.996,-1.89,1.708,-125.36
-0.018,-0.036,0.996,-1.89,1.708,-125.36
-0.018,-0.036,0.996,-1.89,1.708,-125.36
-0.018,-0.036,0.996,-1.89,1.708,-125.36
-0.018,-0.036,0.996,-1.89,1.708,-125.36
-0.018,-0.036,0.996,-1.89,1.708,-125.36
-0.034,-0.031,0.996,-1.89,1.708,-125.36
-0.034,-0.031,0.996,-1.89,1.708,-125.36
-0.034,-0.031,0.996,-1.89,1.708,-125.36
-0.034,-0.031,0.996,-1.89,1.708,-125.36
-0.034,-0.031,0.996,-1.89,1.708,-125.36
-0.034,-0.031,0.996,-1.89,1.708,-125.36
-0.034,-0.031,0.996,-1.89,1.692,-125.36
-0.034,-0.031,0.996,-1.89,1.692,-125.36
-0.034,-0.031,0.996,-1.89,1.692,-125.36
-0.034,-0.031,0.996,-1.89,1.692,-125.36
-0.034,-0.031,0.996,-1.89,1.692,-125.36
-0.034,-0.031,0.996,-1.89,1.692,-125.36
-0.034,-0.031,0.996,-1.89,1.692,-125.36
-0.034,-0.031,0.996,-1.89,1.692,-125.36
-0.034,-0.031,0.996,-1.89,1.692,-125.36
-0.034,-0.031,0.996,-1.89,1.692,-125.36
-0.034,-0.031,0.996,-1.89,1.692,-125.36
-0.034,-0.031,0.996,-1.89,1.692,-125.36
-0.034,-0.031,0.996,-1.89,1.692,-125.36
-0.034,-0.031,0.996,-1.89,1.692,-125.36
-0.034,-0.031,0.996,-1.89,1.692,-125.36
-0.034,-0.031,0.996,-1.89,1.692,-125.36
-0.034,-0.031,0.996,-1.89,1.692,-125.36
-0.034,-0.031,0.996,-1.89,1.692,-125.36
-0.034,-0.031,0.996,-1.89,1.692,-125.36
-0.038,-0.038,0.991,-1.89,1.692,-125.36
-0.038,-0.038,0.991,-1.89,1.692,-125.36
-0.038,-0.038,0.991,-1.89,1.692,-125.36
-0.038,-0.038,0.991,-1.89,1.692,-125.36
-0.038,-0.038,0.991,-1.89,1.692,-125.36
-0.038,-0.038,0.991,-1.89,1.692,-125.36
-0.038,-0.038,0.991,-1.89,1.681,-125.36
-0.038,-0.038,0.991,-1.89,1.681,-125.36
-0.038,-0.038,0.991,-1.89,1.681,-125.36
-0.038,-0.038,0.991,-1.89,1.681,-125.36
-0.038,-0.038,0.991,-1.89,1.681,-125.36
-0.038,-0.038,0.991,-1.89,1.681,-125.36
-0.038,-0.038,0.991,-1.89,1.681,-125.36
-0.038,-0.038,0.991,-1.89,1.681,-125.36
-0.038,-0.038,0.991,-1.89,1.681,-125.36
-0.038,-0.038,0.991,-1.89,1.681,-125.36
-0.038,-0.038,0.991,-1.89,1.681,-125.36
-0.038,-0.038,0.991,-1.89,1.681,-125.36
-0.038,-0.038,0.991,-1.89,1.681,-125.36
-0.038,-0.038,0.991,-1.89,1.681,-125.36
-0.038,-0.038,0.991,-1.89,1.681,-125.36
-0.038,-0.038,0.991,-1.89,1.681,-125.36
-0.038,-0.038,0.991,-1.89,1.681,-125.36
-0.038,-0.038,0.991,-1.89,1.681,-125.36
-0.046,-0.019,1.003,-1.89,1.681,-125.36
-0.046,-0.019,1.003,-1.89,1.681,-125.36
-0.046,-0.019,1.003,-1.89,1.681,-125.36
-0.046,-0.019,1.003,-1.89,1.681,-125.36
-0.046,-0.019,1.003,-1.89,1.681,-125.36
-0.046,-0.019,1.003,-1.89,1.681,-125.36
-0.046,-0.019,1.003,-1.884,1.686,-125.36
-0.046,-0.019,1.003,-1.884,1.686,-125.36
-0.046,-0.019,1.003,-1.884,1.686,-125.36
-0.042,-0.036,0.977,-1.884,1.769,-125.35
-0.042,-0.036,0.977,-1.884,1.769,-125.35
-0.042,-0.036,0.977,-1.884,1.769,-125.35
-0.042,-0.036,0.977,-1.884,1.769,-125.35
-0.042,-0.036,0.977,-1.884,1.769,-125.35
-0.042,-0.036,0.977,-1.884,1.769,-125.35
-0.042,-0.036,0.977,-1.884,1.769,-125.35
-0.042,-0.036,0.977,-1.884,1.769,-125.35
-0.042,-0.036,0.977,-1.884,1.769,-125.35
-0.042,-0.036,0.977,-1.884,1.769,-125.35
-0.042,-0.036,0.977,-1.884,1.769,-125.35
-0.042,-0.036,0.977,-1.884,1.769,-125.35
-0.042,-0.036,0.977,-1.884,1.769,-125.35
-0.042,-0.036,0.977,-1.884,1.769,-125.35
-0.042,-0.036,0.977,-1.884,1.769,-125.35
-0.042,-0.036,0.977,-1.884,1.769,-125.35
-0.042,-0.036,0.977,-1.884,1.769,-125.35
-0.042,-0.036,0.977,-1.884,1.769,-125.35
-0.023,-0.025,1.034,-1.884,1.769,-125.35
-0.023,-0.025,1.034,-1.884,1.769,-125.35
-0.023,-0.025,1.034,-1.884,1.769,-125.35
-0.023,-0.025,1.034,-1.884,1.769,-125.35
-0.023,-0.025,1.034,-1.884,1.769,-125.35
-0.023,-0.025,1.034,-1.89,1.752,-125.35
-0.023,-0.025,1.034,-1.89,1.752,-125.35
-0.023,-0.025,1.034,-1.89,1.752,-125.35
-0.023,-0.025,1.034,-1.89,1.752,-125.35
-0.023,-0.025,1.034,-1.89,1.752,-125.35
-0.023,-0.025,1.034,-1.89,1.752,-125.35
-0.023,-0.025,1.034,-1.89,1.752,-125.35
-0.023,-0.025,1.034,-1.89,1.752,-125.35
-0.023,-0.025,1.034,-1.89,1.752,-125.35
-0.023,-0.025,1.034,-1.89,1.752,-125.35
-0.023,-0.025,1.034,-1.89,1.752,-125.35
-0.023,-0.025,1.034,-1.89,1.752,-125.35
-0.023,-0.025,1.034,-1.89,1.752,-125.35
-0.023,-0.025,1.034,-1.89,1.752,-125.35
-0.023,-0.025,1.034,-1.89,1.752,-125.35
-0.023,-0.025,1.034,-1.89,1.752,-125.35
-0.023,-0.025,1.034,-1.89,1.752,-125.35
-0.023,-0.025,1.034,-1.89,1.752,-125.35
-0.023,-0.025,1.034,-1.89,1.752,-125.35
-0.023,-0.025,1.034,-1.89,1.752,NaN
-0.026,-0.001,1.028,-1.89,1.752,-125.35
-0.026,-0.001,1.028,-1.89,1.752,-125.35
-0.026,-0.001,1.028,-1.89,1.752,-125.35
-0.026,-0.001,1.028,-1.89,1.752,-125.35
-0.026,-0.001,1.028,-1.89,1.752,-125.35
-0.026,-0.001,1.028,-1.89,1.752,-125.35
-0.026,-0.001,1.028,-1.879,1.769,-125.35
-0.026,-0.001,1.028,-1.879,1.769,-125.35
-0.026,-0.001,1.028,-1.879,1.769,-125.35
-0.026,-0.001,1.028,-1.879,1.769,-125.35
-0.026,-0.001,1.028,-1.879,1.769,-125.35
-0.026,-0.001,1.028,-1.879,1.769,-125.35
-0.026,-0.001,1.028,-1.879,1.769,-125.35
-0.026,-0.001,1.028,-1.879,1.769,-125.35
-0.026,-0.001,1.028,-1.879,1.769,-125.35
-0.026,-0.001,1.028,-1.879,1.769,-125.35
-0.026,-0.001,1.028,-1.879,1.769,-125.35
-0.026,-0.001,1.028,-1.879,1.769,-125.35
-0.026,-0.001,1.028,-1.879,1.769,-125.35
-0.026,-0.001,1.028,-1.879,1.769,-125.35
-0.026,-0.001,1.028,-1.879,1.769,-125.35
-0.026,-0.001,1.028,-1.879,1.769,-125.35
-0.026,-0.001,1.028,-1.879,1.769,-125.35
-0.026,-0.001,1.028,-1.879,1.769,-125.35
-0.026,-0.001,1.028,-1.879,1.769,-125.35
-0.046,-0.033,0.983,-1.879,1.769,-125.35
-0.046,-0.033,0.983,-1.879,1.769,-125.35
-0.046,-0.033,0.983,-1.879,1.769,-125.35
-0.046,-0.033,0.983,-1.879,1.769,-125.35
-0.046,-0.033,0.983,-1.879,1.769,-125.35
-0.046,-0.033,0.983,-1.895,1.774,-125.35
-0.046,-0.033,0.983,-1.895,1.774,-125.35
-0.046,-0.033,0.983,-1.895,1.774,-125.35
-0.046,-0.033,0.983,-1.895,1.774,-125.35
-0.046,-0.033,0.983,-1.895,1.774,-125.35
-0.046,-0.033,0.983,-1.895,1.774,-125.35
-0.046,-0.033,0.983,-1.895,1.774,-125.35
-0.046,-0.033,0.983,-1.895,1.774,-125.35
-0.046,-0.033,0.983,-1.895,1.774,-125.35
-0.046,-0.033,0.983,-1.895,1.774,-125.35
-0.046,-0.033,0.983,-1.895,1.774,-125.35
-0.046,-0.033,0.983,-1.895,1.774,-125.35
-0.046,-0.033,0.983,-1.895,1.774,-125.35
-0.046,-0.033,0.983,-1.895,1.774,-125.35
-0.046,-0.033,0.983,-1.895,1.774,-125.35
-0.046,-0.033,0.983,-1.895,1.774,-125.35
-0.046,-0.033,0.983,-1.895,1.774,-125.35
-0.046,-0.033,0.983,-1.895,1.774,-125.35
-0.046,-0.033,0.983,-1.895,1.774,-125.35
-0.058,-0.042,1.026,-1.895,1.774,-125.35
-0.058,-0.042,1.026,-1.895,1.774,-125.35
-0.058,-0.042,1.026,-1.895,1.774,-125.35
-0.058,-0.042,1.026,-1.895,1.774,-125.35
-0.058,-0.042,1.026,-1.895,1.774,-125.35
-0.058,-0.042,1.026,-1.895,1.774,-125.35
-0.058,-0.042,1.026,-1.89,1.785,-125.35
-0.058,-0.042,1.026,-1.89,1.785,-125.35
-0.058,-0.042,1.026,-1.89,1.785,-125.35
-0.058,-0.042,1.026,-1.89,1.785,-125.35
-0.058,-0.042,1.026,-1.89,1.785,-125.35
-0.058,-0.042,1.026,-1.89,1.785,-125.35
-0.058,-0.042,1.026,-1.89,1.785,-125.35
-0.058,-0.042,1.026,-1.89,1.785,-125.35
-0.058,-0.042,1.026,-1.89,1.785,-125.35
-0.058,-0.042,1.026,-1.89,1.785,-125.35
-0.058,-0.042,1.026,-1.89,1.785,-125.35
-0.058,-0.042,1.026,-1.89,1.785,-125.35
-0.058,-0.042,1.026,-1.89,1.785,-125.35
-0.058,-0.042,1.026,-1.89,1.785,-125.35
-0.058,-0.042,1.026,-1.89,1.785,-125.35
-0.058,-0.042,1.026,-1.89,1.785,-125.35
-0.058,-0.042,1.026,-1.89,1.785,-125.35
-0.058,-0.042,1.026,-1.89,1.785,-125.35
-0.058,-0.042,1.026,-1.89,1.785,-125.35
-0.034,-0.038,0.991,-1.89,1.785,-125.35
-0.034,-0.038,0.991,-1.89,1.785,-125.35
-0.034,-0.038,0.991,-1.89,1.785,-125.35
-0.034,-0.038,0.991,-1.89,1.785,-125.35
-0.034,-0.038,0.991,-1.89,1.785,-125.35
-0.034,-0.038,0.991,-1.89,1.785,-125.35
-0.034,-0.038,0.991,-1.884,1.796,-125.35
-0.034,-0.038,0.991,-1.884,1.796,-125.35
-0.034,-0.038,0.991,-1.884,1.796,-125.35
-0.034,-0.038,0.991,-1.884,1.796,-125.35
-0.034,-0.038,0.991,-1.884,1.796,-125.35
-0.034,-0.038,0.991,-1.884,1.796,-125.35
-0.034,-0.038,0.991,-1.884,1.796,-125.35
-0.034,-0.038,0.991,-1.884,1.796,-125.35
-0.034,-0.038,0.991,-1.884,1.796,-125.35
-0.034,-0.038,0.991,-1.884,1.796,-125.35
-0.034,-0.038,0.991,-1.884,1.796,-125.35
-0.034,-0.038,0.991,-1.884,1.796,-125.35
-0.034,-0.038,0.991,-1.884,1.796,-125.35
-0.034,-0.038,0.991,-1.884,1.796,-125.35
-0.034,-0.038,0.991,-1.884,1.796,-125.35
-0.034,-0.038,0.991,-1.884,1.796,-125.35
-0.034,-0.038,0.991,-1.884,1.796,-125.35
-0.026,-0.03,1.01,-1.884,1.796,-125.35
-0.026,-0.03,1.01,-1.884,1.796,-125.35
-0.026,-0.03,1.01,-1.884,1.796,-125.35
-0.026,-0.03,1.01,-1.884,1.796,-125.35
-0.026,-0.03,1.01,-1.884,1.796,-125.35
-0.026,-0.03,1.01,-1.879,1.796,-125.35
-0.026,-0.03,1.01,-1.879,1.796,-125.35
-0.026,-0.03,1.01,-1.879,1.796,-125.35
-0.026,-0.03,1.01,-1.879,1.796,-125.35
-0.026,-0.03,1.01,-1.879,1.796,-125.35
-0.026,-0.03,1.01,-1.879,1.796,-125.35
-0.026,-0.03,1.01,-1.879,1.796,-125.35
-0.026,-0.03,1.01,-1.879,1.796,-125.35
-0.026,-0.03,1.01,-1.879,1.796,-125.35
-0.026,-0.03,1.01,-1.879,1.796,-125.35
-0.026,-0.03,1.01,-1.879,1.796,-125.35
-0.026,-0.03,1.01,-1.879,1.796,-125.35
-0.026,-0.03,1.01,-1.879,1.796,-125.35
-0.026,-0.03,1.01,-1.879,1.796,-125.35
-0.026,-0.03,1.01,-1.879,1.796,-125.35
-0.026,-0.03,1.01,-1.879,1.796,-125.35
-0.026,-0.03,1.01,-1.879,1.796,-125.35
-0.026,-0.03,1.01,-1.879,1.796,-125.35
-0.032,-0.041,0.989,-1.879,1.796,-125.35
-0.032,-0.041,0.989,-1.879,1.796,-125.35
-0.032,-0.041,0.989,-1.879,1.796,-125.35
-0.032,-0.041,0.989,-1.879,1.796,-125.35
-0.032,-0.041,0.989,-1.879,1.796,-125.35
-0.032,-0.041,0.989,-1.879,1.763,-125.35
-0.032,-0.041,0.989,-1.879,1.763,-125.35
-0.032,-0.041,0.989,-1.879,1.763,-125.35
-0.032,-0.041,0.989,-1.879,1.763,-125.35
-0.032,-0.041,0.989,-1.879,1.763,-125.35
-0.032,-0.041,0.989,-1.879,1.769,-125.35
-0.032,-0.041,0.989,-1.879,1.769,-125.35
-0.032,-0.041,0.989,-1.879,1.769,-125.35
-0.032,-0.041,0.989,-1.879,1.769,-125.35
-0.032,-0.041,0.989,-1.879,1.769,-125.35
-0.032,-0.041,0.989,-1.879,1.769,-125.35
-0.032,-0.041,0.989,-1.879,1.769,-125.35
-0.032,-0.041,0.989,-1.879,1.769,-125.35
-0.032,-0.041,0.989,-1.879,1.769,-125.35
-0.032,-0.041,0.989,-1.879,1.769,-125.35
-0.032,-0.041,0.989,-1.879,1.769,-125.35
-0.032,-0.041,0.989,-1.879,1.769,-125.35
-0.032,-0.041,0.989,-1.879,1.769,-125.35
-0.032,-0.041,0.989,-1.879,1.769,-125.35
-0.032,-0.041,0.989,-1.879,1.769,-125.35
-0.032,-0.041,0.989,-1.879,1.769,-125.35
-0.032,-0.041,0.989,-1.879,1.769,-125.35
-0.032,-0.041,0.989,-1.879,1.769,-125.35
-0.032,-0.023,1.006,-1.879,1.769,-125.35
-0.032,-0.023,1.006,-1.879,1.769,-125.35
-0.032,-0.023,1.006,-1.879,1.769,-125.35
-0.032,-0.023,1.006,-1.879,1.769,-125.35
-0.032,-0.023,1.006,-1.879,1.769,-125.35
-0.032,-0.023,1.006,-1.879,1.769,-125.35
-0.032,-0.023,1.006,-1.873,1.763,-125.35
-0.032,-0.023,1.006,-1.873,1.763,-125.35
-0.032,-0.023,1.006,-1.873,1.763,-125.35
-0.032,-0.023,1.006,-1.873,1.763,-125.35
-0.032,-0.023,1.006,-1.873,1.763,-125.35
-0.032,-0.023,1.006,-1.873,1.763,-125.35
-0.032,-0.023,1.006,-1.873,1.763,-125.35
-0.032,-0.023,1.006,-1.873,1.763,-125.35
-0.032,-0.023,1.006,-1.873,1.763,-125.35
-0.032,-0.023,1.006,-1.873,1.763,-125.35
-0.032,-0.023,1.006,-1.873,1.763,-125.35
-0.032,-0.023,1.006,-1.873,1.763,-125.35
-0.032,-0.023,1.006,-1.873,1.763,-125.35
-0.032,-0.023,1.006,-1.873,1.763,-125.35
-0.032,-0.023,1.006,-1.873,1.763,-125.35
-0.032,-0.023,1.006,-1.873,1.763,-125.35
-0.032,-0.023,1.006,-1.873,1.763,-125.35
-0.032,-0.023,1.006,-1.873,1.763,-125.35
-0.032,-0.023,1.006,-1.873,1.763,-125.35
-0.03,-0.036,0.996,-1.873,1.763,-125.35
-0.03,-0.036,0.996,-1.873,1.763,-125.35
-0.03,-0.036,0.996,-1.873,1.763,-125.35
-0.03,-0.036,0.996,-1.873,1.763,-125.35
-0.03,-0.036,0.996,-1.873,1.763,-125.35
-0.03,-0.036,0.996,-1.873,1.763,-125.35
-0.03,-0.036,0.996,-1.884,1.769,-125.35
-0.03,-0.036,0.996,-1.884,1.769,-125.35
-0.03,-0.036,0.996,-1.884,1.769,-125.35
-0.03,-0.036,0.996,-1.884,1.769,-125.35
-0.03,-0.036,0.996,-1.884,1.769,-125.35
-0.03,-0.036,0.996,-1.884,1.769,-125.35
-0.03,-0.036,0.996,-1.884,1.769,-125.35
-0.03,-0.036,0.996,-1.884,1.769,-125.35
-0.03,-0.036,0.996,-1.884,1.769,-125.35
-0.03,-0.036,0.996,-1.884,1.769,-125.35
-0.03,-0.036,0.996,-1.884,1.769,-125.35
-0.03,-0.036,0.996,-1.884,1.769,-125.35
-0.03,-0.036,0.996,-1.884,1.769,-125.35
-0.03,-0.036,0.996,-1.884,1.769,-125.35
-0.03,-0.036,0.996,-1.884,1.769,-125.35
-0.03,-0.036,0.996,-1.884,1.769,-125.35
-0.03,-0.036,0.996,-1.884,1.769,-125.35
-0.03,-0.036,0.996,-1.884,1.769,-125.35
-0.03,-0.036,0.996,-1.884,1.769,-125.35
-0.028,-0.034,1,-1.884,1.769,-125.35
-0.028,-0.034,1,-1.884,1.769,-125.35
-0.028,-0.034,1,-1.884,1.769,-125.35
-0.028,-0.034,1,-1.884,1.769,-125.35
-0.028,-0.034,1,-1.884,1.769,-125.35
-0.028,-0.034,1,-1.884,1.769,-125.35
-0.028,-0.034,1,-1.879,1.763,-125.35
-0.028,-0.034,1,-1.879,1.763,-125.35
-0.028,-0.034,1,-1.879,1.763,-125.35
-0.028,-0.034,1,-1.879,1.763,-125.35
-0.028,-0.034,1,-1.879,1.763,-125.35
-0.028,-0.034,1,-1.879,1.763,-125.35
-0.028,-0.034,1,-1.879,1.763,-1
-0.028,-0.034,1,-1.879,1.763,-125.35
-0.028,-0.034,1,-1.879,1.763,-125.35
-0.028,-0.034,1,-1.879,1.763,-125.35
-0.028,-0.034,1,-1.879,1.763,-125.35
-0.028,-0.034,1,-1.879,1.763,-125.35
-0.028,-0.034,1,-1.879,1.763,-125.35
-0.028,-0.034,1,-1.879,1.763,-125.35
-0.028,-0.034,1,-1.879,1.763,-125.35
-0.028,-0.034,1,-1.879,1.763,-125.35
-0.028,-0.034,1,-1.879,1.763,-125.35
-0.028,-0.034,1,-1.879,1.763,-125.35
-0.028,-0.034,1,-1.879,1.763,-125.35
-0.033,-0.033,0.99,-1.879,1.763,-125.35
-0.033,-0.033,0.99,-1.879,1.763,-125.35
-0.033,-0.033,0.99,-1.879,1.763,-125.35
-0.033,-0.033,0.99,-1.879,1.763,-125.35
-0.033,-0.033,0.99,-1.879,1.763,-125.35
-0.033,-0.033,0.99,-1.879,1.763,-125.35
-0.033,-0.033,0.99,-1.884,1.769,-125.35
-0.033,-0.033,0.99,-1.884,1.769,-125.35
-0.033,-0.033,0.99,-1.884,1.769,-125.35
-0.033,-0.033,0.99,-1.884,1.769,-125.35
-0.033,-0.033,0.99,-1.884,1.769,-125.35
-0.033,-0.033,0.99,-1.884,1.769,-125.35
-0.033,-0.033,0.99,-1.884,1.769,-125.35
-0.033,-0.033,0.99,-1.884,1.769,-125.35
-0.033,-0.033,0.99,-1.884,1.769,-125.35
-0.033,-0.033,0.99,-1.884,1.769,-125.35
-0.033,-0.033,0.99,-1.884,1.769,-125.35
-0.033,-0.033,0.99,-1.884,1.769,-125.35
-0.033,-0.033,0.99,-1.884,1.769,-125.35
-0.033,-0.033,0.99,-1.884,1.769,-125.35
-0.033,-0.033,0.99,-1.884,1.769,-125.35
-0.033,-0.033,0.99,-1.884,1.769,-125.35
-0.033,-0.033,0.99,-1.884,1.769,-125.35
-0.033,-0.033,0.99,-1.884,1.769,-125.35
-0.033,-0.033,0.99,-1.884,1.769,-125.35
-0.026,-0.027,1.007,-1.884,1.769,-125.35
-0.026,-0.027,1.007,-1.884,1.769,-125.35
-0.026,-0.027,1.007,-1.884,1.769,-125.35
-0.026,-0.027,1.007,-1.884,1.769,-125.35
-0.026,-0.027,1.007,-1.884,1.769,-125.35
-0.026,-0.027,1.007,-1.884,1.769,-125.35
-0.026,-0.027,1.007,-1.873,1.763,-125.35
-0.026,-0.027,1.007,-1.873,1.763,-125.35
-0.026,-0.027,1.007,-1.873,1.763,-125.35
-0.026,-0.027,1.007,-1.873,1.763,-125.35
-0.026,-0.027,1.007,-1.873,1.763,-125.35
-0.026,-0.027,1.007,-1.873,1.763,-125.35
-0.026,-0.027,1.007,-1.873,1.763,-125.35
-0.026,-0.027,1.007,-1.873,1.763,-125.35
-0.026,-0.027,1.007,-1.873,1.763,-125.35
-0.026,-0.027,1.007,-1.873,1.763,-125.35
-0.026,-0.027,1.007,-1.873,1.763,-125.35
-0.026,-0.027,1.007,-1.873,1.763,-125.35
-0.026,-0.027,1.007,-1.873,1.763,-125.35
-0.026,-0.027,1.007,-1.873,1.763,-125.35
-0.026,-0.027,1.007,-1.873,1.763,-125.35
-0.026,-0.027,1.007,-1.873,1.763,-125.35
-0.026,-0.027,1.007,-1.873,1.763,-125.35
-0.026,-0.027,1.007,-1.873,1.763,-125.35
-0.026,-0.027,1.007,-1.873,1.763,-125.35
-0.034,-0.041,0.988,-1.873,1.763,-125.35
-0.034,-0.041,0.988,-1.873,1.763,-125.35
-0.034,-0.041,0.988,-1.873,1.763,-125.35
-0.034,-0.041,0.988,-1.873,1.763,-125.35
-0.034,-0.041,0.988,-1.873,1.763,-125.35
-0.034,-0.041,0.988,-1.884,1.763,-125.35
-0.034,-0.041,0.989,-1.89,1.752,-125.35
-0.034,-0.041,0.989,-1.89,1.752,-125.35
-0.034,-0.041,0.989,-1.884,1.758,-125.35
-0.034,-0.041,0.989,-1.884,1.758,-125.35
-0.034,-0.041,0.989,-1.884,1.758,-125.35
-0.034,-0.041,0.989,-1.884,1.758,-125.35
-0.034,-0.041,0.989,-1.884,1.758,-125.35
-0.034,-0.041,0.989,-1.884,1.758,-125.35
-0.034,-0.041,0.989,-1.884,1.758,-125.35
-0.034,-0.041,0.989,-1.884,1.758,-125.35
-0.034,-0.041,0.989,-1.884,1.758,-125.35
-0.034,-0.041,0.989,-1.884,1.758,-125.35
-0.034,-0.041,0.989,-1.884,1.758,-125.35
-0.034,-0.041,0.989,-1.884,1.758,-125.35
-0.034,-0.041,0.989,-1.884,1.758,-125.35
-0.034,-0.041,0.989,-1.884,1.758,-125.35
-0.034,-0.041,0.989,-1.884,1.758,-125.35
-0.034,-0.041,0.989,-1.884,1.758,-125.35
-0.034,-0.041,0.989,-1.884,1.758,-125.35
-0.034,-0.041,0.989,-1.884,1.758,-125.35
-0.034,-0.041,0.989,-1.884,1.758,-125.35
-0.029,-0.024,1.013,-1.884,1.758,-125.35
-0.029,-0.024,1.013,-1.884,1.758,-125.35
-0.029,-0.024,1.013,-1.884,1.758,-125.35
-0.029,-0.024,1.013,-1.884,1.758,-125.35
-0.029,-0.024,1.013,-1.884,1.758,-125.35
-0.029,-0.024,1.013,-1.884,1.758,-125.35
-0.029,-0.024,1.013,-1.89,1.752,-125.35
-0.029,-0.024,1.013,-1.89,1.752,-125.35
-0.029,-0.024,1.013,-1.89,1.752,-125.35
-0.029,-0.024,1.013,-1.89,1.752,-125.35
-0.029,-0.024,1.013,-1.89,1.752,-125.35
-0.029,-0.024,1.013,-1.89,1.752,-125.35
-0.029,-0.024,1.013,-1.89,1.752,-125.35
-0.029,-0.024,1.013,-1.89,1.752,-125.35
-0.029,-0.024,1.013,-1.89,1.752,-125.35
-0.029,-0.024,1.013,-1.89,1.752,-125.35
-0.029,-0.024,1.013,-1.89,1.752,-125.35
-0.029,-0.024,1.013,-1.89,1.752,-125.35
-0.029,-0.024,1.013,-1.89,1.752,-125.35
-0.029,-0.024,1.013,-1.89,1.752,-125.35
-0.029,-0.024,1.013,-1.89,1.752,-125.35
-0.029,-0.024,1.013,-1.89,1.752,-125.35
-0.029,-0.024,1.013,-1.89,1.752,-125.35
-0.029,-0.024,1.013,-1.89,1.752,-125.35
-0.029,-0.024,1.013,-1.89,1.752,-125.35
-0.032,-0.043,0.989,-1.89,1.752,-125.35
-0.032,-0.043,0.989,-1.89,1.752,-125.35
-0.032,-0.043,0.989,-1.89,1.752,-125.35
-0.032,-0.043,0.989,-1.89,1.752,-125.35
-0.032,-0.043,0.989,-1.89,1.752,-125.35
-0.032,-0.043,0.989,-1.89,1.752,-125.35
-0.032,-0.043,0.989,-1.895,1.752,-125.35
-0.032,-0.043,0.989,-1.895,1.752,-125.35
-0.032,-0.043,0.989,-1.895,1.752,-125.35
-0.032,-0.043,0.989,-1.895,1.752,-125.35
-0.032,-0.043,0.989,-1.895,1.752,-125.35
-0.032,-0.043,0.989,-1.895,1.752,-125.35
-0.032,-0.043,0.989,-1.895,1.752,-125.35
-0.032,-0.043,0.989,-1.895,1.752,-125.35
-0.032,-0.043,0.989,-1.895,1.752,-125.35
-0.032,-0.043,0.989,-1.895,1.752,-125.35
-0.032,-0.043,0.989,-1.895,1.752,-125.35
-0.032,-0.043,0.989,-1.895,1.752,-125.35
-0.032,-0.043,0.989,-1.895,1.752,-125.35
-0.032,-0.043,0.989,-1.895,1.752,-125.35
-0.032,-0.043,0.989,-1.895,1.752,-125.35
-0.032,-0.043,0.989,-1.895,1.752,-125.35
-0.032,-0.043,0.989,-1.895,1.752,-125.35
-0.032,-0.028,1,-1.895,1.752,-125.35
-0.032,-0.028,1,-1.895,1.752,-125.35
-0.032,-0.028,1,-1.895,1.752,-125.35
-0.032,-0.028,1,-1.895,1.752,-125.35
-0.032,-0.028,1,-1.895,1.752,-125.35
-0.032,-0.028,1,-1.895,1.752,-125.35
-0.032,-0.028,1,-1.879,1.747,-125.35
-0.032,-0.028,1,-1.879,1.747,-125.35
-0.032,-0.028,1,-1.879,1.747,-125.35
-0.032,-0.028,1,-1.879,1.747,-125.35
-0.032,-0.028,1,-1.879,1.747,-125.35
-0.032,-0.028,1,-1.879,1.747,-125.35
-0.032,-0.028,1,-1.879,1.747,-125.35
-0.032,-0.028,1,-1.879,1.747,-125.35
-0.032,-0.028,1,-1.879,1.747,-125.35
-0.032,-0.028,1,-1.879,1.747,-125.35
-0.032,-0.028,1,-1.879,1.747,-125.35
-0.032,-0.028,1,-1.879,1.747,-125.35
-0.032,-0.028,1,-1.879,1.747,-125.35
-0.032,-0.028,1,-1.879,1.747,-125.35
-0.032,-0.028,1,-1.879,1.747,-125.35
-0.032,-0.028,1,-1.879,1.747,-125.35
-0.032,-0.028,1,-1.879,1.747,-125.35
-0.032,-0.028,1,-1.879,1.747,-125.35
-0.032,-0.028,1,-1.879,1.747,-125.35
-0.029,-0.035,0.997,-1.879,1.747,-125.35
-0.029,-0.035,0.997,-1.879,1.747,-125.35
-0.029,-0.035,0.997,-1.879,1.747,-125.35
-0.029,-0.035,0.997,-1.879,1.747,-125.35
-0.029,-0.035,0.997,-1.879,1.747,-125.35
-0.029,-0.035,0.997,-1.895,1.747,-125.35
-0.029,-0.035,0.997,-1.895,1.747,-125.35
-0.029,-0.035,0.997,-1.895,1.747,-125.35
-0.029,-0.035,0.997,-1.895,1.747,-125.35
-0.029,-0.035,0.997,-1.895,1.747,-125.35
-0.029,-0.035,0.997,-1.895,1.747,-125.35
-0.029,-0.035,0.997,-1.895,1.747,-125.35
-0.029,-0.035,0.997,-1.895,1.747,-125.35
-0.029,-0.035,0.997,-1.895,1.747,-125.35
-0.029,-0.035,0.997,-1.895,1.747,-125.35
-0.029,-0.035,0.997,-1.895,1.747,-125.35
-0.029,-0.035,0.997,-1.895,1.747,-125.35
-0.029,-0.035,0.997,-1.895,1.747,-125.35
-0.029,-0.035,0.997,-1.895,1.747,-125.35
-0.029,-0.035,0.997,-1.895,1.747,-125.35
-0.029,-0.035,0.997,-1.895,1.747,-125.35
-0.029,-0.035,0.997,-1.895,1.747,-125.35
-0.029,-0.035,0.997,-1.895,1.747,-125.35
-0.029,-0.035,0.997,-1.895,1.747,-125.35
-0.029,-0.035,0.997,-1.895,1.747,-125.35
-0.033,-0.032,0.993,-1.895,1.747,-125.35
-0.033,-0.032,0.993,-1.895,1.747,-125.35
-0.033,-0.032,0.993,-1.895,1.747,-125.35
-0.033,-0.032,0.993,-1.895,1.747,-125.35
-0.033,-0.032,0.993,-1.895,1.747,-125.35
-0.033,-0.032,0.993,-1.879,1.741,-125.35
-0.033,-0.032,0.993,-1.879,1.741,-125.35
-0.033,-0.032,0.993,-1.879,1.741,-125.35
-0.033,-0.032,0.993,-1.879,1.741,-125.35
-0.033,-0.032,0.993,-1.879,1.741,-125.35
-0.033,-0.032,0.993,-1.879,1.741,-125.35
-0.033,-0.032,0.993,-1.879,1.741,-125.35
-0.033,-0.032,0.993,-1.879,1.741,-125.35
-0.033,-0.032,0.993,-1.879,1.741,-125.35
-0.033,-0.032,0.993,-1.879,1.741,-125.35
-0.033,-0.032,0.993,-1.879,1.741,-125.35
-0.033,-0.032,0.993,-1.879,1.741,-125.35
-0.028,-0.03,1.003,-1.89,1.752,-125.35
-0.028,-0.03,1.003,-1.89,1.752,-125.35
-0.028,-0.03,1.003,-1.89,1.752,-125.35
-0.028,-0.03,1.003,-1.89,1.752,-125.35
-0.028,-0.03,1.003,-1.89,1.752,-125.35
-0.028,-0.03,1.003,-1.89,1.752,-125.35
-0.028,-0.03,1.003,-1.89,1.752,-125.35
-0.028,-0.03,1.003,-1.89,1.752,-125.35
-0.028,-0.03,1.003,-1.89,1.752,-125.35
-0.028,-0.03,1.003,-1.89,1.752,-125.35
-0.028,-0.03,1.003,-1.89,1.752,-125.35
-0.028,-0.03,1.003,-1.89,1.752,-125.35
-0.034,-0.038,0.987,-1.89,1.752,-125.35
-0.034,-0.038,0.987,-1.89,1.752,-125.35
-0.034,-0.038,0.987,-1.89,1.752,-125.35
-0.034,-0.038,0.987,-1.89,1.752,-125.35
-0.034,-0.038,0.987,-1.89,1.752,-125.35
-0.034,-0.038,0.987,-1.884,1.752,-125.35
-0.034,-0.038,0.987,-1.884,1.752,-125.35
-0.034,-0.038,0.987,-1.884,1.752,-125.35
-0.034,-0.038,0.987,-1.884,1.752,NaN
-0.034,-0.038,0.987,-1.884,1.752,-125.35
-0.034,-0.038,0.987,-1.884,1.752,-125.35
-0.034,-0.038,0.987,-1.884,1.752,-125.35
-0.034,-0.038,0.987,-1.884,1.752,-125.35
-0.034,-0.038,0.987,-1.884,1.752,-125.35
-0.034,-0.038,0.987,-1.884,1.752,-125.35
-0.034,-0.038,0.987,-1.884,1.752,-125.35
-0.034,-0.038,0.987,-1.884,1.752,-125.35
-0.034,-0.038,0.987,-1.884,1.752,-125.35
-0.034,-0.038,0.987,-1.884,1.752,-125.35
-0.034,-0.038,0.987,-1.884,1.752,-125.35
-0.034,-0.038,0.987,-1.884,1.752,-125.35
-0.034,-0.038,0.987,-1.884,1.752,-125.35
-0.034,-0.038,0.987,-1.884,1.752,-125.35
-0.034,-0.038,0.987,-1.884,1.752,-125.35
-0.034,-0.038,0.987,-1.884,1.752,-125.35
-0.029,-0.023,1.01,-1.884,1.752,-125.35
-0.029,-0.023,1.01,-1.884,1.752,-125.35
-0.029,-0.023,1.01,-1.884,1.752,-125.35
-0.029,-0.023,1.01,-1.884,1.752,-125.35
-0.029,-0.023,1.01,-1.884,1.752,-125.35
-0.029,-0.023,1.01,-1.884,1.752,-125.35
-0.029,-0.023,1.01,-1.89,1.752,-125.35
-0.029,-0.023,1.01,-1.89,1.752,-125.35
-0.029,-0.023,1.01,-1.89,1.752,-125.35
-0.029,-0.023,1.01,-1.89,1.752,-125.35
-0.029,-0.023,1.01,-1.89,1.752,-125.35
-0.029,-0.023,1.01,-1.89,1.752,-125.35
-0.029,-0.023,1.01,-1.89,1.752,-125.35
-0.029,-0.023,1.01,-1.89,1.752,-125.35
-0.029,-0.023,1.01,-1.89,1.752,-125.35
-0.029,-0.023,1.01,-1.89,1.752,-125.35
-0.029,-0.023,1.01,-1.89,1.752,-125.35
-0.029,-0.023,1.01,-1.89,1.752,-125.35
-0.029,-0.023,1.01,-1.89,1.752,-125.35
-0.029,-0.023,1.01,-1.89,1.752,-125.35
-0.029,-0.023,1.01,-1.89,1.752,-125.35
-0.029,-0.023,1.01,-1.89,1.752,-125.35
-0.029,-0.023,1.01,-1.89,1.752,-125.35
-0.029,-0.023,1.01,-1.89,1.752,-125.35
-0.029,-0.023,1.01,-1.89,1.752,-125.35
-0.033,-0.041,0.989,-1.89,1.752,-125.35
-0.033,-0.041,0.989,-1.89,1.752,-125.35
-0.033,-0.041,0.989,-1.89,1.752,-125.35
-0.033,-0.041,0.989,-1.89,1.752,-125.35
-0.033,-0.041,0.989,-1.89,1.752,-125.35
-0.033,-0.041,0.989,-1.89,1.758,-125.35
-0.033,-0.041,0.989,-1.89,1.758,-125.35
